# ImageMatrix 1.0 - 图像数值矩阵 (image -> matrix)
# width 24
# height 16
# format CHANNELS
# max 255
# gray = round(0.299*R + 0.587*G + 0.114*B)
# 分通道矩阵：R 矩阵 -> G 矩阵 -> B 矩阵 -> GRAY 矩阵，每个矩阵 h 行 w 列


# channel R  (红色通道)
0 11 22 33 44 55 66 77 88 99 110 121 133 144 155 166 177 188 199 210 221 232 243 255
0 11 22 33 44 55 66 77 88 99 110 121 133 144 155 166 177 188 199 210 221 232 243 255
0 11 22 33 44 55 66 77 88 99 110 121 133 144 155 166 177 188 199 210 221 232 243 255
0 11 22 33 44 55 66 77 88 99 110 121 133 144 155 166 177 188 199 210 221 232 243 255
0 11 22 33 44 55 66 77 88 99 110 121 133 144 155 166 177 188 199 210 221 232 243 255
0 0 17 34 34 51 68 68 85 102 102 119 136 136 153 170 170 187 204 204 221 238 238 255
0 0 17 34 34 51 68 68 85 102 102 119 255 136 153 170 170 187 204 204 221 238 238 255
0 0 17 34 34 51 68 68 85 102 102 255 255 255 153 170 170 187 204 204 221 238 238 255
0 0 17 34 34 51 68 68 85 102 255 255 255 255 255 170 170 187 204 204 221 238 238 255
0 0 17 34 34 51 68 68 85 102 102 255 255 255 153 170 170 187 204 204 221 238 238 255
255 255 255 255 255 255 0 0 0 0 0 0 255 255 255 255 255 255 0 0 0 0 0 0
255 255 255 255 255 255 0 0 0 0 0 0 255 255 255 255 255 255 0 0 0 0 0 0
255 255 255 255 255 255 0 0 0 0 0 0 255 255 255 255 255 255 0 0 0 0 0 0
255 255 255 255 255 255 0 0 0 0 0 0 255 255 255 255 255 255 0 0 0 0 0 0
255 255 255 255 255 255 0 0 0 0 0 0 255 255 255 255 255 255 0 0 0 0 0 0
255 255 255 255 255 255 0 0 0 0 0 0 255 255 255 255 255 255 0 0 0 0 0 0

# channel G  (绿色通道)
0 0 0 0 0 0 0 0 0 0 0 0 0 0 0 0 0 0 0 0 0 0 0 0
63 63 63 63 63 63 63 63 63 63 63 63 63 63 63 63 63 63 63 63 63 63 63 63
127 127 127 127 127 127 127 127 127 127 127 127 127 127 127 127 127 127 127 127 127 127 127 127
191 191 191 191 191 191 191 191 191 191 191 191 191 191 191 191 191 191 191 191 191 191 191 191
255 255 255 255 255 255 255 255 255 255 255 255 255 255 255 255 255 255 255 255 255 255 255 255
0 0 17 34 34 51 68 68 85 102 102 119 136 136 153 170 170 187 204 204 221 238 238 255
0 0 17 34 34 51 68 68 85 102 102 119 255 136 153 170 170 187 204 204 221 238 238 255
0 0 17 34 34 51 68 68 85 102 102 255 255 255 153 170 170 187 204 204 221 238 238 255
0 0 17 34 34 51 68 68 85 102 255 255 255 255 255 170 170 187 204 204 221 238 238 255
0 0 17 34 34 51 68 68 85 102 102 255 255 255 153 170 170 187 204 204 221 238 238 255
255 255 255 255 255 255 255 255 255 255 255 255 255 0 0 0 0 0 0 0 0 0 0 0
255 255 255 255 255 255 255 255 255 255 255 255 0 0 0 0 0 0 0 0 0 0 0 0
255 255 255 255 255 255 255 255 255 255 255 255 0 0 0 0 0 0 0 0 0 0 0 0
255 255 255 255 255 255 255 255 255 255 255 255 0 0 0 0 0 0 0 0 0 0 0 0
255 255 255 255 255 255 255 255 255 255 255 255 0 0 0 0 0 0 0 0 0 0 0 0
255 255 255 255 255 255 255 255 255 255 255 255 0 0 0 0 0 0 0 0 0 0 0 0

# channel B  (蓝色通道)
128 128 128 128 128 128 128 128 128 128 128 128 128 128 128 128 128 128 128 128 128 128 128 128
128 128 128 128 128 128 128 128 128 128 128 128 128 128 128 128 128 128 128 128 128 128 128 128
128 128 128 128 128 128 128 128 128 128 128 128 128 128 128 128 128 128 128 128 128 128 128 128
128 128 128 128 128 128 128 128 128 128 128 128 128 128 128 128 128 128 128 128 128 128 128 128
128 128 128 128 128 128 128 128 128 128 128 128 128 128 128 128 128 128 128 128 128 128 128 128
0 0 17 34 34 51 68 68 85 102 102 119 136 136 153 170 170 187 204 204 221 238 238 255
0 0 17 34 34 51 68 68 85 102 102 119 255 136 153 170 170 187 204 204 221 238 238 255
0 0 17 34 34 51 68 68 85 102 102 255 255 255 153 170 170 187 204 204 221 238 238 255
0 0 17 34 34 51 68 68 85 102 255 255 255 255 255 170 170 187 204 204 221 238 238 255
0 0 17 34 34 51 68 68 85 102 102 255 255 255 153 170 170 187 204 204 221 238 238 255
255 255 255 0 0 0 255 255 255 0 0 0 255 255 255 0 0 0 255 255 255 0 0 0
255 255 255 0 0 0 255 255 255 0 0 0 255 255 255 0 0 0 255 255 255 0 0 0
255 255 255 0 0 0 255 255 255 0 0 0 255 255 255 0 0 0 255 255 255 0 0 0
255 255 255 0 0 0 255 255 255 0 0 0 255 255 255 0 0 0 255 255 255 0 0 0
255 255 255 0 0 0 255 255 255 0 0 0 255 255 255 0 0 0 255 255 255 0 0 0
255 255 255 0 0 0 255 255 255 0 0 0 255 255 255 0 0 0 255 255 255 0 0 0

# channel GRAY  (灰度值 Y)
15 18 21 24 28 31 34 38 41 44 47 51 54 58 61 64 68 71 74 77 81 84 87 91
52 55 58 61 65 68 71 75 78 81 84 88 91 95 98 101 104 108 111 114 118 121 124 128
89 92 96 99 102 106 109 112 115 119 122 125 129 132 135 139 142 145 149 152 155 159 162 165
127 130 133 137 140 143 146 150 153 156 160 163 166 170 173 176 180 183 186 189 193 196 199 203
164 168 171 174 177 181 184 187 191 194 197 200 204 207 211 214 217 220 224 227 230 234 237 241
0 0 17 34 34 51 68 68 85 102 102 119 136 136 153 170 170 187 204 204 221 238 238 255
0 0 17 34 34 51 68 68 85 102 102 119 255 136 153 170 170 187 204 204 221 238 238 255
0 0 17 34 34 51 68 68 85 102 102 255 255 255 153 170 170 187 204 204 221 238 238 255
0 0 17 34 34 51 68 68 85 102 255 255 255 255 255 170 170 187 204 204 221 238 238 255
0 0 17 34 34 51 68 68 85 102 102 255 255 255 153 170 170 187 204 204 221 238 238 255
255 255 255 226 226 226 179 179 179 150 150 150 255 105 105 76 76 76 29 29 29 0 0 0
255 255 255 226 226 226 179 179 179 150 150 150 105 105 105 76 76 76 29 29 29 0 0 0
255 255 255 226 226 226 179 179 179 150 150 150 105 105 105 76 76 76 29 29 29 0 0 0
255 255 255 226 226 226 179 179 179 150 150 150 105 105 105 76 76 76 29 29 29 0 0 0
255 255 255 226 226 226 179 179 179 150 150 150 105 105 105 76 76 76 29 29 29 0 0 0
255 255 255 226 226 226 179 179 179 150 150 150 105 105 105 76 76 76 29 29 29 0 0 0
