# ImageMatrix 1.0 - 图像数值矩阵 (image -> matrix)
# width 24
# height 16
# format RGB
# max 255
# gray = round(0.299*R + 0.587*G + 0.114*B)
# 每行一个像素：R, G, B（0-255）

0, 0, 128
11, 0, 128
22, 0, 128
33, 0, 128
44, 0, 128
55, 0, 128
66, 0, 128
77, 0, 128
88, 0, 128
99, 0, 128
110, 0, 128
121, 0, 128
133, 0, 128
144, 0, 128
155, 0, 128
166, 0, 128
177, 0, 128
188, 0, 128
199, 0, 128
210, 0, 128
221, 0, 128
232, 0, 128
243, 0, 128
255, 0, 128
0, 63, 128
11, 63, 128
22, 63, 128
33, 63, 128
44, 63, 128
55, 63, 128
66, 63, 128
77, 63, 128
88, 63, 128
99, 63, 128
110, 63, 128
121, 63, 128
133, 63, 128
144, 63, 128
155, 63, 128
166, 63, 128
177, 63, 128
188, 63, 128
199, 63, 128
210, 63, 128
221, 63, 128
232, 63, 128
243, 63, 128
255, 63, 128
0, 127, 128
11, 127, 128
22, 127, 128
33, 127, 128
44, 127, 128
55, 127, 128
66, 127, 128
77, 127, 128
88, 127, 128
99, 127, 128
110, 127, 128
121, 127, 128
133, 127, 128
144, 127, 128
155, 127, 128
166, 127, 128
177, 127, 128
188, 127, 128
199, 127, 128
210, 127, 128
221, 127, 128
232, 127, 128
243, 127, 128
255, 127, 128
0, 191, 128
11, 191, 128
22, 191, 128
33, 191, 128
44, 191, 128
55, 191, 128
66, 191, 128
77, 191, 128
88, 191, 128
99, 191, 128
110, 191, 128
121, 191, 128
133, 191, 128
144, 191, 128
155, 191, 128
166, 191, 128
177, 191, 128
188, 191, 128
199, 191, 128
210, 191, 128
221, 191, 128
232, 191, 128
243, 191, 128
255, 191, 128
0, 255, 128
11, 255, 128
22, 255, 128
33, 255, 128
44, 255, 128
55, 255, 128
66, 255, 128
77, 255, 128
88, 255, 128
99, 255, 128
110, 255, 128
121, 255, 128
133, 255, 128
144, 255, 128
155, 255, 128
166, 255, 128
177, 255, 128
188, 255, 128
199, 255, 128
210, 255, 128
221, 255, 128
232, 255, 128
243, 255, 128
255, 255, 128
0, 0, 0
0, 0, 0
17, 17, 17
34, 34, 34
34, 34, 34
51, 51, 51
68, 68, 68
68, 68, 68
85, 85, 85
102, 102, 102
102, 102, 102
119, 119, 119
136, 136, 136
136, 136, 136
153, 153, 153
170, 170, 170
170, 170, 170
187, 187, 187
204, 204, 204
204, 204, 204
221, 221, 221
238, 238, 238
238, 238, 238
255, 255, 255
0, 0, 0
0, 0, 0
17, 17, 17
34, 34, 34
34, 34, 34
51, 51, 51
68, 68, 68
68, 68, 68
85, 85, 85
102, 102, 102
102, 102, 102
119, 119, 119
255, 255, 255
136, 136, 136
153, 153, 153
170, 170, 170
170, 170, 170
187, 187, 187
204, 204, 204
204, 204, 204
221, 221, 221
238, 238, 238
238, 238, 238
255, 255, 255
0, 0, 0
0, 0, 0
17, 17, 17
34, 34, 34
34, 34, 34
51, 51, 51
68, 68, 68
68, 68, 68
85, 85, 85
102, 102, 102
102, 102, 102
255, 255, 255
255, 255, 255
255, 255, 255
153, 153, 153
170, 170, 170
170, 170, 170
187, 187, 187
204, 204, 204
204, 204, 204
221, 221, 221
238, 238, 238
238, 238, 238
255, 255, 255
0, 0, 0
0, 0, 0
17, 17, 17
34, 34, 34
34, 34, 34
51, 51, 51
68, 68, 68
68, 68, 68
85, 85, 85
102, 102, 102
255, 255, 255
255, 255, 255
255, 255, 255
255, 255, 255
255, 255, 255
170, 170, 170
170, 170, 170
187, 187, 187
204, 204, 204
204, 204, 204
221, 221, 221
238, 238, 238
238, 238, 238
255, 255, 255
0, 0, 0
0, 0, 0
17, 17, 17
34, 34, 34
34, 34, 34
51, 51, 51
68, 68, 68
68, 68, 68
85, 85, 85
102, 102, 102
102, 102, 102
255, 255, 255
255, 255, 255
255, 255, 255
153, 153, 153
170, 170, 170
170, 170, 170
187, 187, 187
204, 204, 204
204, 204, 204
221, 221, 221
238, 238, 238
238, 238, 238
255, 255, 255
255, 255, 255
255, 255, 255
255, 255, 255
255, 255, 0
255, 255, 0
255, 255, 0
0, 255, 255
0, 255, 255
0, 255, 255
0, 255, 0
0, 255, 0
0, 255, 0
255, 255, 255
255, 0, 255
255, 0, 255
255, 0, 0
255, 0, 0
255, 0, 0
0, 0, 255
0, 0, 255
0, 0, 255
0, 0, 0
0, 0, 0
0, 0, 0
255, 255, 255
255, 255, 255
255, 255, 255
255, 255, 0
255, 255, 0
255, 255, 0
0, 255, 255
0, 255, 255
0, 255, 255
0, 255, 0
0, 255, 0
0, 255, 0
255, 0, 255
255, 0, 255
255, 0, 255
255, 0, 0
255, 0, 0
255, 0, 0
0, 0, 255
0, 0, 255
0, 0, 255
0, 0, 0
0, 0, 0
0, 0, 0
255, 255, 255
255, 255, 255
255, 255, 255
255, 255, 0
255, 255, 0
255, 255, 0
0, 255, 255
0, 255, 255
0, 255, 255
0, 255, 0
0, 255, 0
0, 255, 0
255, 0, 255
255, 0, 255
255, 0, 255
255, 0, 0
255, 0, 0
255, 0, 0
0, 0, 255
0, 0, 255
0, 0, 255
0, 0, 0
0, 0, 0
0, 0, 0
255, 255, 255
255, 255, 255
255, 255, 255
255, 255, 0
255, 255, 0
255, 255, 0
0, 255, 255
0, 255, 255
0, 255, 255
0, 255, 0
0, 255, 0
0, 255, 0
255, 0, 255
255, 0, 255
255, 0, 255
255, 0, 0
255, 0, 0
255, 0, 0
0, 0, 255
0, 0, 255
0, 0, 255
0, 0, 0
0, 0, 0
0, 0, 0
255, 255, 255
255, 255, 255
255, 255, 255
255, 255, 0
255, 255, 0
255, 255, 0
0, 255, 255
0, 255, 255
0, 255, 255
0, 255, 0
0, 255, 0
0, 255, 0
255, 0, 255
255, 0, 255
255, 0, 255
255, 0, 0
255, 0, 0
255, 0, 0
0, 0, 255
0, 0, 255
0, 0, 255
0, 0, 0
0, 0, 0
0, 0, 0
255, 255, 255
255, 255, 255
255, 255, 255
255, 255, 0
255, 255, 0
255, 255, 0
0, 255, 255
0, 255, 255
0, 255, 255
0, 255, 0
0, 255, 0
0, 255, 0
255, 0, 255
255, 0, 255
255, 0, 255
255, 0, 0
255, 0, 0
255, 0, 0
0, 0, 255
0, 0, 255
0, 0, 255
0, 0, 0
0, 0, 0
0, 0, 0
