# ImageMatrix 1.0 - 图像数值矩阵 (image -> matrix)
# width 24
# height 16
# format RGBA
# max 255
# gray = round(0.299*R + 0.587*G + 0.114*B)
# 每行一个像素：R, G, B, A（0-255）

0, 0, 128, 255
11, 0, 128, 255
22, 0, 128, 255
33, 0, 128, 255
44, 0, 128, 255
55, 0, 128, 255
66, 0, 128, 255
77, 0, 128, 255
88, 0, 128, 255
99, 0, 128, 255
110, 0, 128, 255
121, 0, 128, 255
133, 0, 128, 255
144, 0, 128, 255
155, 0, 128, 255
166, 0, 128, 255
177, 0, 128, 255
188, 0, 128, 255
199, 0, 128, 255
210, 0, 128, 255
221, 0, 128, 255
232, 0, 128, 255
243, 0, 128, 255
255, 0, 128, 255
0, 63, 128, 255
11, 63, 128, 255
22, 63, 128, 255
33, 63, 128, 255
44, 63, 128, 255
55, 63, 128, 255
66, 63, 128, 255
77, 63, 128, 255
88, 63, 128, 255
99, 63, 128, 255
110, 63, 128, 255
121, 63, 128, 255
133, 63, 128, 255
144, 63, 128, 255
155, 63, 128, 255
166, 63, 128, 255
177, 63, 128, 255
188, 63, 128, 255
199, 63, 128, 255
210, 63, 128, 255
221, 63, 128, 255
232, 63, 128, 255
243, 63, 128, 255
255, 63, 128, 255
0, 127, 128, 255
11, 127, 128, 255
22, 127, 128, 255
33, 127, 128, 255
44, 127, 128, 255
55, 127, 128, 255
66, 127, 128, 255
77, 127, 128, 255
88, 127, 128, 255
99, 127, 128, 255
110, 127, 128, 255
121, 127, 128, 255
133, 127, 128, 255
144, 127, 128, 255
155, 127, 128, 255
166, 127, 128, 255
177, 127, 128, 255
188, 127, 128, 255
199, 127, 128, 255
210, 127, 128, 255
221, 127, 128, 255
232, 127, 128, 255
243, 127, 128, 255
255, 127, 128, 255
0, 191, 128, 255
11, 191, 128, 255
22, 191, 128, 255
33, 191, 128, 255
44, 191, 128, 255
55, 191, 128, 255
66, 191, 128, 255
77, 191, 128, 255
88, 191, 128, 255
99, 191, 128, 255
110, 191, 128, 255
121, 191, 128, 255
133, 191, 128, 255
144, 191, 128, 255
155, 191, 128, 255
166, 191, 128, 255
177, 191, 128, 255
188, 191, 128, 255
199, 191, 128, 255
210, 191, 128, 255
221, 191, 128, 255
232, 191, 128, 255
243, 191, 128, 255
255, 191, 128, 255
0, 255, 128, 255
11, 255, 128, 255
22, 255, 128, 255
33, 255, 128, 255
44, 255, 128, 255
55, 255, 128, 255
66, 255, 128, 255
77, 255, 128, 255
88, 255, 128, 255
99, 255, 128, 255
110, 255, 128, 255
121, 255, 128, 255
133, 255, 128, 255
144, 255, 128, 255
155, 255, 128, 255
166, 255, 128, 255
177, 255, 128, 255
188, 255, 128, 255
199, 255, 128, 255
210, 255, 128, 255
221, 255, 128, 255
232, 255, 128, 255
243, 255, 128, 255
255, 255, 128, 255
0, 0, 0, 255
0, 0, 0, 255
17, 17, 17, 255
34, 34, 34, 255
34, 34, 34, 255
51, 51, 51, 255
68, 68, 68, 255
68, 68, 68, 255
85, 85, 85, 255
102, 102, 102, 255
102, 102, 102, 255
119, 119, 119, 255
136, 136, 136, 255
136, 136, 136, 255
153, 153, 153, 255
170, 170, 170, 255
170, 170, 170, 255
187, 187, 187, 255
204, 204, 204, 255
204, 204, 204, 255
221, 221, 221, 255
238, 238, 238, 255
238, 238, 238, 255
255, 255, 255, 255
0, 0, 0, 255
0, 0, 0, 255
17, 17, 17, 255
34, 34, 34, 255
34, 34, 34, 255
51, 51, 51, 255
68, 68, 68, 255
68, 68, 68, 255
85, 85, 85, 255
102, 102, 102, 255
102, 102, 102, 255
119, 119, 119, 255
255, 255, 255, 255
136, 136, 136, 255
153, 153, 153, 255
170, 170, 170, 255
170, 170, 170, 255
187, 187, 187, 255
204, 204, 204, 255
204, 204, 204, 255
221, 221, 221, 255
238, 238, 238, 255
238, 238, 238, 255
255, 255, 255, 255
0, 0, 0, 255
0, 0, 0, 255
17, 17, 17, 255
34, 34, 34, 255
34, 34, 34, 255
51, 51, 51, 255
68, 68, 68, 255
68, 68, 68, 255
85, 85, 85, 255
102, 102, 102, 255
102, 102, 102, 255
255, 255, 255, 255
255, 255, 255, 255
255, 255, 255, 255
153, 153, 153, 255
170, 170, 170, 255
170, 170, 170, 255
187, 187, 187, 255
204, 204, 204, 255
204, 204, 204, 255
221, 221, 221, 255
238, 238, 238, 255
238, 238, 238, 255
255, 255, 255, 255
0, 0, 0, 255
0, 0, 0, 255
17, 17, 17, 255
34, 34, 34, 255
34, 34, 34, 255
51, 51, 51, 255
68, 68, 68, 255
68, 68, 68, 255
85, 85, 85, 255
102, 102, 102, 255
255, 255, 255, 255
255, 255, 255, 255
255, 255, 255, 255
255, 255, 255, 255
255, 255, 255, 255
170, 170, 170, 255
170, 170, 170, 255
187, 187, 187, 255
204, 204, 204, 255
204, 204, 204, 255
221, 221, 221, 255
238, 238, 238, 255
238, 238, 238, 255
255, 255, 255, 255
0, 0, 0, 255
0, 0, 0, 255
17, 17, 17, 255
34, 34, 34, 255
34, 34, 34, 255
51, 51, 51, 255
68, 68, 68, 255
68, 68, 68, 255
85, 85, 85, 255
102, 102, 102, 255
102, 102, 102, 255
255, 255, 255, 255
255, 255, 255, 255
255, 255, 255, 255
153, 153, 153, 255
170, 170, 170, 255
170, 170, 170, 255
187, 187, 187, 255
204, 204, 204, 255
204, 204, 204, 255
221, 221, 221, 255
238, 238, 238, 255
238, 238, 238, 255
255, 255, 255, 255
255, 255, 255, 255
255, 255, 255, 255
255, 255, 255, 255
255, 255, 0, 255
255, 255, 0, 255
255, 255, 0, 255
0, 255, 255, 255
0, 255, 255, 255
0, 255, 255, 255
0, 255, 0, 255
0, 255, 0, 255
0, 255, 0, 255
255, 255, 255, 255
255, 0, 255, 255
255, 0, 255, 255
255, 0, 0, 255
255, 0, 0, 255
255, 0, 0, 255
0, 0, 255, 255
0, 0, 255, 255
0, 0, 255, 255
0, 0, 0, 255
0, 0, 0, 255
0, 0, 0, 255
255, 255, 255, 255
255, 255, 255, 255
255, 255, 255, 255
255, 255, 0, 255
255, 255, 0, 255
255, 255, 0, 255
0, 255, 255, 255
0, 255, 255, 255
0, 255, 255, 255
0, 255, 0, 255
0, 255, 0, 255
0, 255, 0, 255
255, 0, 255, 255
255, 0, 255, 255
255, 0, 255, 255
255, 0, 0, 255
255, 0, 0, 255
255, 0, 0, 255
0, 0, 255, 255
0, 0, 255, 255
0, 0, 255, 255
0, 0, 0, 255
0, 0, 0, 255
0, 0, 0, 255
255, 255, 255, 255
255, 255, 255, 255
255, 255, 255, 255
255, 255, 0, 255
255, 255, 0, 255
255, 255, 0, 255
0, 255, 255, 255
0, 255, 255, 255
0, 255, 255, 255
0, 255, 0, 255
0, 255, 0, 255
0, 255, 0, 255
255, 0, 255, 255
255, 0, 255, 255
255, 0, 255, 255
255, 0, 0, 255
255, 0, 0, 255
255, 0, 0, 255
0, 0, 255, 255
0, 0, 255, 255
0, 0, 255, 255
0, 0, 0, 255
0, 0, 0, 255
0, 0, 0, 255
255, 255, 255, 255
255, 255, 255, 255
255, 255, 255, 255
255, 255, 0, 255
255, 255, 0, 255
255, 255, 0, 255
0, 255, 255, 255
0, 255, 255, 255
0, 255, 255, 255
0, 255, 0, 255
0, 255, 0, 255
0, 255, 0, 255
255, 0, 255, 255
255, 0, 255, 255
255, 0, 255, 255
255, 0, 0, 255
255, 0, 0, 255
255, 0, 0, 255
0, 0, 255, 255
0, 0, 255, 255
0, 0, 255, 255
0, 0, 0, 255
0, 0, 0, 255
0, 0, 0, 255
255, 255, 255, 255
255, 255, 255, 255
255, 255, 255, 255
255, 255, 0, 255
255, 255, 0, 255
255, 255, 0, 255
0, 255, 255, 255
0, 255, 255, 255
0, 255, 255, 255
0, 255, 0, 255
0, 255, 0, 255
0, 255, 0, 255
255, 0, 255, 255
255, 0, 255, 255
255, 0, 255, 255
255, 0, 0, 255
255, 0, 0, 255
255, 0, 0, 255
0, 0, 255, 255
0, 0, 255, 255
0, 0, 255, 255
0, 0, 0, 255
0, 0, 0, 255
0, 0, 0, 255
255, 255, 255, 255
255, 255, 255, 255
255, 255, 255, 255
255, 255, 0, 255
255, 255, 0, 255
255, 255, 0, 255
0, 255, 255, 255
0, 255, 255, 255
0, 255, 255, 255
0, 255, 0, 255
0, 255, 0, 255
0, 255, 0, 255
255, 0, 255, 255
255, 0, 255, 255
255, 0, 255, 255
255, 0, 0, 255
255, 0, 0, 255
255, 0, 0, 255
0, 0, 255, 255
0, 0, 255, 255
0, 0, 255, 255
0, 0, 0, 255
0, 0, 0, 255
0, 0, 0, 255
